920245
38851509
7209322
96024F
701747
1016230
11071
420003
31516
620023
164140
96030
13435D
1072106
16043332
74272119
18190
50133390
10049998
124007
10517818
13111514
13208886
10661016
78134369
17802306
43473061
12261011
101274
15043795
85173
280200
21233C
621032
98069980
39000080
78164369
84390
40109980
17061004
17866946
41802024
210350
95138000
13181055
11304956
13101405
17855678
17002B
97841900
41230
11002
SP1041
99552
74005829
76065372
41561886
13101160
13832015
24105008
290120
1781711
17204495
31001
15021024
190098
17857HC1
17091317
10115470
161913
SP1332
990323
18218920
74564759
13610404
210216
ZVMSVO3
11021206
321122
10165395
44031150
80569970
67280
17819
84204
15220
97375840
59885200
76159989
1224628
52093410
72012109
190017
254816P
31640
44032080
50171
44041060
11263576
240001
15072045
17863012
31031
76011459
84508
13310418
150007
17870A
10069804
35174
17880114
10065SUK
13083555
13193334
72011389
71910
454082
1785402
SP0011
84440
17849010
16043364
1234
41801000
22302
22546900
40445344
97325740
27410001
85163
1700603
457091
154002
22059006
13968873
91PQ69
91200
11199E1
73012
13081205
12180
130364
26405020
14019G
97878950
598369
15212BG
1014A1CS
250003
13081003
40149980
140224
52011040
24565004
94019980
94565080
12130012
16021320
617156
220914
799112
10359976
91109980
84700
99990
10544012
13420411
17789
2229058
12115412
54043390
91001530
18180090
2229072
23111008
310050
731219
140035
10169750
99526
94410
31534
82224700
96284740
370810
77044360
95695620
20263
97345840
22305
50141800
10427
71030
94545080
13143556
21121010
310013
1822815
99920
392120
78544369
190871
1703205
723625
150061
12510200
454085
96031
59999999
310615
141006
78469969
64200094
13044
59319570
20019123
1901080
33770120
99416
178801
74291269
17864025
18111041
78009
38100141
11111407
18023696
41601
86174800
60021350
10440GO1
53051040
43469301
10129980
220911
1016366
21053
24140
97321
84520
190054
144164
1787105
13069980
41200100
22129017
24230
621546
240161
40PM16
52011880
42980
7203801
95030
82601
36200000
84212
61052
341000
10445PBG
620053
10305845
390225
1706513
97335740
97575850
74114360
10181523
10520
10389980
25092470
130060
701758
25269F
80019
97961900
13641607
9171581
SP1050
17061120
10261051
13211002
13136846
10439F
30159980
44342080
118003
38120256
150015
13610605
78419969
140389
240014
37880518
183PE25
11208
18210500
10430006
310550
13084212
21800
18040105
1006781
10270
22654600
390624
84035810
190168
40189990
21224036
74565809
420162
178500
10399892
900044
14440414
754015
19991
73084177
20185060
10650
240094
280023
20589
41611514
22121007
SP11042
90271PB
10090070
10278015
96745880
84940
390024
96018
410086
144039
41117200
86020
95253003
13145759
11191873
13320420
1786541
34328692
13424616
620160
83631
17845043
94813
13879C
10660929
10440800
133378A
41664600
550012
18110621
10516024
97255740
38091000
1788111
39000370
11261004
10516012
10030
10142222
82411
1710B2GO
13420407
15004
290300
12110116
20420
138067
1787120
21122068
99534
83321
22010V
10301204
740221
99129240
22100
207900043
10051620
75011789
80163
10249
16061120
94725080
15041004
15021004
85442
20053
1200NZ
74160
617124
10040256
10073306
170882
1087A5AM
360310
40820
79085829
392065
12115618
SP1022
63604
15030005
20074
240009
52
620072
260109
10229080
350010
91090119
80210
140033
40201
97772
13968907
900014
74924759
30082000
11191790
16041076
1039A0PK
12130412
44001920
909852
10544070
13181164
181311
17101405
12322003
13181375
1301203
920270
1022578
13300410
16043744
38276040
40359
10660936
15225
10440AU
22129016
13039IBP
10039010
310009
240032
21121061
14910001
1380285
12312210
82700
SP2616
SP2382
10540C5
72040
78994369
50082
12510500
920275
13420006
340865
240093
84680
451004
78016
16023760
190035
1016812
74164412
91141
31670
12220
38519000
1784992
44191010
17065K23
10233AIW
41122010
18180031
99999981
10399887
13320418
43005170
84450
168321
SP1029
754116
18218900
22080234
190057
14510200
148010
10030909
50030
SP213
