36200000
1480415
105621
90700
620134
13420314
11411
32625
94725080
40139980
250001
620024
13860320
10165395
11191012
74264759
18190
78249989
11100201
730622
13301623
1026ARI9
21230
13641503
62012
10258
41300010
12322002
1012572
15041214
144013
SP221
21226
623897
620106
13208885
58500001
23395000
16069984
170004
17870FMC
41802024
1831261
55001300
13081164
154002
1026100
17868
98042450
44233570
SP1029
42224000
19101010
80590012
74005829
76065372
SP4162
13143556
82321060
17515B00
290241
1785700
17209980
83760
16051056
12168
17854A
161121
50041010
310552
19530001
50148
43540
74139989
1031085
20200
ZVMSVO3
1130416
41887400
13490410
44201060
78694369
42210
22137240
902712
15211
38740635
53610400
76159989
1204512
52093410
11123344
11101509
970030
22203
44121920
22198
44701010
10809980
13066073
10700
17861013
420002
76011459
95251B
128003
16021010
10270
13610410
13005A
17901
11100500
13081205
11304545
111233440
72991
454085
1786535
150010
15025723
1788010
111910040
78221649
41801000
1832416
23220008
22303
13968984
16175374
15021874
20000312
457091
95253002
29097565
38263007
91PQ69
78801649
411674
17081541
128018
20031230
13024
310636
14025144
31555
99550
15204
13101604
623856
123030
41279990
97545850
52011040
10230
84900
44062080
18140541
180016
97265740
621010
799112
1023212
84502
90271135
99990
10606
19320006
1784992
78795829
SP1101
54043390
91001530
11000502
78344360
178451
17097K
83690
190075
1072A1SK
44060
80141
84551
SP1143
99125944
23245580
902610
SP425
20235
11261013
590004
12345678
22114
SP231
17061120
13083345
94254890
17065K3
1820488
91018
174071
78644369
1039NRAM
15308PP
723625
1502010
10877660
7209323
207900038
38565607
17017K01
10359976
78469969
68888800
144240
12044
174041
22ND015
33718014
13840400
17882041
74299980
360388
18111041
620164
38311006
12410400
34015
190034
84101
60029980
350351
53051340
43200016
190142
10825
10154
44001980
24140
97444
20018994
46600
73083218
26105000
120007
41800000
255219
24230
97369
240160
22199
52011880
160006
72062
96012
220602
13004103
1620719
80568490
341000
1006871
620053
13651401
17051001
17857022
190014
97295740
74524759
10040004
23015254
908108
53448244
34672208
78362999
970034
96531220
44262090
42903
15004032
SP1050
11261201
1710A3G1
20300
132171
12130405
30159980
17204495
10067956
1361465
16021874
13700500
78419969
141004
13206A
13874BS
183PE25
1121252
10060168
10517132
16223PC
40409980
35213903
180325
43019990
23705012
22505046
144087
82074610
417300
34676565
21224
74195829
10051876
24115000
1015283
96685940
10181519
754015
520030
17081316
1700121Y
23705000
240088
90272PB
21067
41350100
13198895
40368
SP105454
41620
14300200
96675940
20306
1700605
96031
61286802
144011
207900020
53079980
2
13140I
150014
11321405
17885
620924
10324430
410051
11031004
17849024
38201049
94219
1044011
43001090
144181
391530
16041201
19202620
14900000
5120
34043
1787591
13301
98475870
106050
10030
13101410
70079980
10127005
180150
152308
13810
18110621
20265
13830
17864016
4069615
40102080
50140201
13071214
1834215Z
740082
30501
43521
20026
420014
75219980
83630
23595011
71133
44009980
15051004
15023810
95090
13216C
59560001
74160
97235740
10548013
13000407
1500898
190856
17842
13801410
79185829
901265
18100631
390007
63601
15230
22220
240005
410066
77022179
260008
10599201
23120004
34232655
80608000
10357022
18200300
92457780
22139662
94645080
74704759
1304245Z
11191790
11183575
10169749
18110051
44132030
190163
1060A2AU
93296
181311
44300
59055114
13083354
270002
19313570
1014A1IB
1033A2BP
16044674
38276040
34097
13610606
15008B
43021190
25210P
13039I3
10075015
1701588
33770140
94194890
40617
1380280
12083
220605
13035
SP235
10605164
72047013
97525850
99999943
1087HCAN
30112H
12000612
23175170
240087
31600
451004
620054
99910522
1042201
13000405
74164360
37021212
15024640
41192080
20472
28076560
78245829
17857300
10599180
13485845
190602
9999985
164164
11321404
10540C5
410067
168321
57310621
10202
10432I
1832013
85730
10164072
141030
128008
16041396
240078
1087A116
5014412
15132002
18110631
17845016
13485O
74939980
46100
96001
13209E1
13081160
54011220
190310
78111529
170009
97103109
38141911
22129017
15218
10169750
SP308
74064419
120018
78409989
361012
13209305
61120202
10750
45700
11016
550012
13231
41611480
39000020
13630600
14240802
1024173
84330
167050
12990000
450105
10225784
30152
413102
63015630
55001850
11121001
60049980
95160
10439980
144168
10144985
48009990
142060
620271
140021
16043575
73084010
22654601
920245
74559989
84500
42100550
24565468
903980
121427
SP2616
110
10399892
77034360
15234
2106458
220816
10380183
540350
76055372
17873M
1046NRI1
920268
13964889
310014
750163
900006
320872
620129
144072
10388NX5
174050
10201
24565400
360389
85370
48059980
16290100
14700410
24255040
16044494
13045A
620068
10183860
10071070
85411
10517133
44521010
13400800
50PT54
26405010
45011980
19081000
970028
38221331
22515400
54051360
18105031
411016
10540049
103333
16061016
390104
90002
10660936
13005432
24565040
140121
311777
20481
22581010
94381613
623137
101655
620009
1311908
1355693
46091920
31570
742019
17854010
33027500
43050
720527
250051
71319230
20002070
10241050
41305
78384369
12131415
13430518
56001180
101259
74304759
10438001
11194564
37312104
13170206
76035239
42030
34018
31526
50130585
TEST
362032
148001
39000355
78559989
18001590
140980
94360
60031
203801
906004
17857096
26422030
80223
1037210
16403556
102145
11191214
38746931
31330
901024
74551260
50130540
80900010
94000
84481
141050
10391000
11252
420040
31517
99533
37880518
610007
99033
82005930
19540175
31030
178681
144062
18208416
17876867
21258
16023760
10500041
183PE16
12345677
53051010
410066
21073
1787310
54735790
31087
15181130
16024640
17861061
104435
97051900
59550026
99999949
750004
Z0346032
25250
22PC07
17203794
52309900
13055574
17861015
87240
99901
10179980
26415030
1301801
VOID
16142PC
10253330
32000210
83251
17873L
70119980
13887D
10031923
361162
97605880
43004510
10250
71064759
48029990
SP2441
41161701
94410
52142001
80704000
1500880
99491
11121201
1026658
72993
43350712
97416030
99500018
19295900
15110101
132218
13976347
94695080
92002470
17201320
103337
1087672
195003
97891900
72451
290050
48310
290259
23110007
13181176
85361
91245630
33210000
13209
41200120
52301600
67308000
74044360
907508
10211000
10517177
93530
90271131
71910
50157
55001290
34047
13420518
34095
13069980
17875N
10416G1
310140
13138
10219836
20592
43009990
21840
321122
17081720
144204
15238
180522
10131050
1006512
80557015
63348040
71005
170023
ZZ50152
1319543
240076
220831
750007
16175378
33018220
174001
292091
96765890
420015
46020
100031
97496780
22240
10600581
41229980
13968
11173GZ
20045060
90907
17111130
83500
999025
18023680
74191109
21054O99
13123026
1000002
10599210
132091
14500401
17001C
620861
140333
22584400
78000
10210
71009
454082
139122
18200012
1382162
21245
40079990
1006753
907800
220187
190103
12130606
43468021
13195310
10161516
11310406
9028003
12262
901223
19540012
78391529
32790030
1380283
13194993
10517102
21201B
17857983
1325730
120
82000
97436030
15041001
420000
24555600
80601030
86910
10221
53324240
22105
131771
96021222
99534
10209980
11121032
990331
10329966
97598880
1030A6GO
12130112
86510
120780599
36021
11121876
21112100
13017971
43400792
220956
190084
40301
10060155
18180090
20251
41803400
10512
12012670
1060A118
17100514
1040A0PK
78219980
22007
SP125
78821649
13320618
79113225
53051890
13968889
40329980
21059
1355726
1786409
20140
13208774
193001
84054
22080207
240340
1786708
20002
90605B
290505
12102032
19550006
130359
10234544
41816300
29094249
20110
1700212
43468001
97645880
310615
905002
17051
19150001
96033
50PT19
1016404
90008
104263
620043
71900
10601200
80569990
50000000
141081
97495850
740224
144042
22081000
17041K
182602
21201A
920269
10150000
18534003
22099C
38240700
10231B
13208689
15201
41803900
10081370
96024
1508430
13083674
210780
170861
50130548
537452
31022
17864045
15023572
13420610
17820
97151900
